1509
0.613671328030352	0.0779880967594356	0.122065422389698	0.186275152820514	0
0.455436716754099	0.0424836594672863	0	0.502079623778615	0
0.211095899957066	0.0924440981269627	0	0.696460001915972	0
0.399752921982210	0.161424820425785	0.144129303883786	0.265352344729348	0.0293406089788704
0.542658389399565	0.0957226620386719	0.0459928722792469	0.315626076282516	0
0.265609384230166	0.188378757888239	0.156593589974100	0.328779898380144	0.0606383695273504
0.392817745814813	0.207173422036435	0	0.365597571142689	0.0344112610060624
0.412277585940233	0.215542147645782	0.0560145987644282	0.271810214175841	0.0443554534737161
0.649033335182526	0.145950207117440	0	0.205016457700033	0
0.284642881906416	0.127614699898676	0.339837109963610	0.247905308231298	0
0.609413094953801	0.117947263783666	0.00680464976083949	0.215934227851319	0.0499007636503752
0.297285087695071	0.167999275915787	0	0.506482362613909	0.0282332737752318
0.516971407672452	0.136450034470719	0	0.299058648827511	0.0475199090293180
0.402838563894229	0.156121499401516	0.287173365253787	0.153866571450469	0
0.496669588131280	0.203056156599252	0.00391811132228709	0.258252511750527	0.0381036321966541
0.479100653425891	0.355033224417284	0.0108840059372276	0.138119571809808	0.0168625444097893
0.264586525199863	0.120073946234457	0	0.615339528565680	0
0.489469867363988	0.128384682004955	0.0153024171878771	0.248054776685906	0.118788256757274
0.304973932172034	0.394344168570557	0.00340954676877567	0.297272352488633	0
0.419991075154943	0.0935626112436695	0.0535209831688854	0.322414400864268	0.110510929568234
0.682999148946366	0.179327877690410	0.0334180541928477	0.104254919170375	0
0.491191669775833	0.0708328247245131	0.196102356399522	0.241873149100132	0
0.490975340277072	0.0159753364585397	0.00616591910815772	0.486883404156230	0
0.488466869189567	0.140802016923111	0.0305648368054139	0.340166277081908	0
0.411653154688324	0.0885327612605738	0.0585632501757428	0.313564362174253	0.127686471701107
0.345999836015472	0.0872507392093653	0.113718265444222	0.306478739778086	0.146552419552854
0.437535420684934	0.115711531217814	0.0436326547739664	0.278531220436553	0.124589172886732
0.590139459795925	0	0	0.391200159430872	0.0186603807732032
0.521139619493949	0.0788512458339867	0	0.400009134672064	0
0.360885106008597	0.0373267793984771	0.0221278508905793	0.579660263702347	0
0.486116341043134	0.0842802310810888	0.259613210270001	0.169990217605777	0
0.498110018671617	0.100040365243943	0.103673535758401	0.298176080326039	0
0.400772234053723	0.203633014871013	0.0634022231364769	0.308279579034730	0.0239129489040562
0.431944442070883	0.213377190781555	0.0369152053029839	0.244298248756439	0.0734649130881391
0.321824764564493	0.109010638905271	0.0688627260353038	0.478794059990887	0.0215078105040446
0.416895751226986	0.154208668422596	0.0165815769033999	0.412314003447017	0
0.492231071359943	0.113421553331652	0.0668541649255558	0.327493210382849	0
0.478629551309249	0.125824412942963	0	0.395546035747788	0
0.474473004670046	0.232984722893695	0.0125435765143477	0.276740624002864	0.00325807191904759
0.397257746610373	0.0705853409932093	0.00676340362908506	0.525393508767333	0
0.514347813721160	0.212621239274693	0.0340081307704610	0.187507545133791	0.0515152710998950
0.317585975761332	0.194799115074919	0.0314096018737499	0.453226076783227	0.00297923050677250
0.318675673024744	0.340815928234052	0.00999384886673876	0.302070515811571	0.0284440340628951
0.592370081820763	0.108096732537789	0.0650493612027808	0.234483824438667	0
0.361817482378247	0.0749589022506352	0.129595295177917	0.433628320193201	0
0.475808444364061	0.206889434424163	0.0831196765464672	0.162021337394193	0.0721611072711162
0.430646422835650	0.106342142770947	0.0181453372805992	0.444866097112803	0
0.495959337572857	0.0445103836846912	0.0722899163781201	0.387240362364331	0
0.358324503423411	0.132237540434993	0.0241781553335894	0.481018019294234	0.00424178151377283
0.366742869669013	0.213469156436353	0	0.344959460525577	0.0748285133690570
0.683117408674645	0.212733776431840	0	0.104148814893514	0
0.646093237048418	0.0562486314780641	0	0.286714818022250	0.0109433134512682
0.386722728071792	0.254085575585256	0	0.349359188102739	0.00983250824021238
0.297811152458132	0.352718759592508	0.0649731029323910	0.284496985016969	0
0.306841568250595	0.319052444031299	0.0593099142777427	0.272930252707210	0.0418658207331538
0.439113607690118	0.238511167263025	0.0292598971963099	0.291265069609249	0.00185025824129821
0.506323308309072	0.210853046108616	0	0.282823645582312	0
0.443488769960669	0.170089391796599	0.0471128289642780	0.316839813926260	0.0224691953521941
0.463858410675657	0.277415612189366	0.0111395338552068	0.247586443279771	0
0.325475280996794	0.196897340212173	0.152699618607250	0.324927760183783	0
0.538249054841197	0.241383461949514	0.0258196210137411	0.114487018563306	0.0800608436322412
0.525299927550144	0.166204192141590	0.0671264133603737	0.168326131717965	0.0730433352299272
0.499830714933184	0.0599238242170563	0.0778247991338524	0.362420661715908	0
0.503465684729371	0.0982327315222135	0.117282535152074	0.281019048596342	0
0.477066675233377	0.0730650721859776	0	0.443481757914318	0.00638649466632711
0.454731295447162	0.306872826891329	0.0129134071245098	0.0927613134129370	0.132721157124062
0.507332457452644	0.173927683023922	0.0500566394746219	0.268683220048812	0
0.583278171731036	0.0449591913959086	0	0.371762636873055	0
0.476897877516260	0.169923443433891	0.0264731641889678	0.205195594180140	0.121509920680741
0.567321516358158	0.138402560337410	0.0283808212892447	0.260366371012975	0.00552873100221235
0.612982039556987	0.0499640698936689	0	0.337053890549344	0
0.467923731657588	0.163313321056009	0.0254573562999732	0.317321533470336	0.0259840575160945
0.534328916967581	0.0703484568688925	0.0392129240473393	0.155583735188879	0.200525966927308
0.414795802345455	0.164243464867306	0.123654766591339	0.297305966195900	0
0.468945821160771	0.145514401097243	0.0275640517103044	0.349448716864703	0.00852700916697794
0.482057459393386	0.239108335360587	0.00941371357372589	0.203524495453043	0.0658959962192573
0.354094530156781	0.153393989034247	0.0909896125126595	0.385618816084332	0.0159030522119811
0.430819673098346	0.0748852497346260	0.00546448094408796	0.488830596222940	0
0.570325619040871	0.176737157825734	0.0721718685925141	0.161631417988039	0.0191339365528415
0.415480530017194	0.242460658084331	0.0574604745378702	0.269575991206335	0.0150223461542693
0.392400768504223	0.330078532027770	0.0990447891448065	0.178475910323201	0
0.317654399012684	0.142264506334907	0.0729881462719989	0.467092948380411	0
0.238569617520184	0.269656357227676	0.0413732713949132	0.358730572451560	0.0916701814056674
0.307297039935499	0.304530263048920	0.00988142245676074	0.294344783768415	0.0839464907904046
0.517613228769999	0.0992092021612668	0	0.383177569068734	0
0.503839904892513	0.0970975357871852	0.0542635627988893	0.308743470157721	0.0360555263636908
0.601324275975696	0.0715819594082263	0.0928775897858241	0.134180387106470	0.100035787723784
0.557535085696531	0.0892679936090679	0.0283540486294197	0.309956996999915	0.0148858750650657
0.337741966295650	0.253521844076930	0.133272525572890	0.210854362313037	0.0646093017414924
0.368940558610745	0.0920484454386283	0.188382737945948	0.255982332744824	0.0946459252598540
0.457672583736451	0.109270216466960	0.0984220917221282	0.334635108074460	0
0.365910395037575	0.367494860765949	0.00825944821197050	0.224286145259414	0.0340491507250916
0.413719460240108	0.141045138883585	0.111470632811700	0.298171821667844	0.0355929463967642
0.443623608994448	0.0932393121564495	0.0637265872325573	0.283374378092973	0.116036113523572
0.669789342095017	0.0904465257822889	0	0.239764132122695	0
0.588104584723250	0.162588015776161	0.00836892486568073	0.240938474634908	0
0.409027953888128	0.164372892334637	0	0.293949625437445	0.132649528339790
0.618834083628021	0.146666664553022	0.0690582914816384	0.160956655210102	0.00448430512721797
0.487206849900549	0.218252609272580	0.0164819639047732	0.215584084364237	0.0624744925578603
0.312068609655905	0.214049418779769	0.0179701858446512	0.355237902990851	0.100673882728823
0.554768204138280	0.0807080457128785	0.0328694614330673	0.145024042966168	0.186630245749606
0.237156542957301	0.218658116045756	0.0429712434408040	0.264025556777942	0.237188540778197
0.328186989756207	0.107974083444577	0.260843686566846	0.193864050815672	0.109131189416698
0.608478649225805	0.0657890669903111	0.146145920726111	0.166484700674697	0.0131016623830748
0.504651020674473	0.0966769297963022	0.0933410310368388	0.292981775996899	0.0123492424954867
0.285331176114408	0.220323100299097	0.0806138942880020	0.409208404356502	0.00452342494199011
0.354409639647569	0.356984050199008	0.135741308677090	0.0612006083735320	0.0916643931028000
0.468822072600837	0.0623558392271996	0.119199348267955	0.178388521812506	0.171234218091502
0.343715511462508	0.150455291654534	0.0207988411456072	0.446743930045117	0.0382864256922335
0.520946282487092	0.200542140665440	0.0860029547675229	0.181172988906513	0.0113356331734314
0.487431824915610	0.112836930049767	0.0553315965803092	0.316733852199509	0.0276657962548052
0.393491300318254	0.290931623623514	0.0452553900711044	0.177216650716021	0.0931050352711060
0.483641949787870	0.0735784864227311	0.0145586598991317	0.290486167427628	0.137734736462639
0.438124680372905	0.180232981106900	0	0.373732652697198	0.00790968582299733
0.344243361864548	0.232487202772942	0.0983383174099671	0.156067652574934	0.168863465377609
0.447888737183126	0.0487600518510096	0.174178955540469	0.329172255425394	0
0.468391233875991	0.220287155409120	0.0329726345233111	0.183028090392186	0.0953208857993926
0.383274199016314	0.267057187775782	0.0479883396869100	0.180815660884745	0.120864612636249
0.431442015198443	0.0428676385665314	0.0959336272724906	0.426083584588366	0.00367313437416869
0.369549090463810	0.152032038151100	0.0103085139133923	0.448902407036468	0.0192079504352300
0.480078436811683	0.179918012933724	0	0.226223368279695	0.113780181974898
0.417217984013623	0.100954367040695	0.0243517904640553	0.388784102005786	0.0686917564758399
0.342035341785774	0.242818197712077	0.0164712547711979	0.261060531695507	0.137614674035443
0.531987545251093	0.251875349380242	0	0.205616888855467	0.0105202165131984
0.442318203539902	0.0458925628607887	0.141812466429920	0.357333245991738	0.0126435211776520
0.275177307149117	0.124451196624083	0.0406281657499668	0.472272881027249	0.0874704494495839
0.431322116217216	0.116550030617864	0	0.302137319684853	0.149990533480067
0.490341073443425	0.120404463085446	0.0277693923596854	0.307214015757019	0.0542710553544250
0.390291260847431	0.102345036932147	0.117789394537662	0.389574307682759	0
0.449592227061468	0.0960476784921524	0.164366365365492	0.257998747828903	0.0319949812519842
0.403897505382794	0.150976105784608	0.171746590439126	0.249280488239619	0.0240993101538521
0.414984757687034	0.161174723796619	0.197915814950181	0.225924703566166	0
0.527671722049293	0.120658341561322	0.0604218429141475	0.220632383291172	0.0706157101840661
0.398411292342097	0.130514584038460	0.0689600597588090	0.402114063860634	0
0.371881793489920	0.155967169579999	0.110909273963910	0.324261194446876	0.0369805685192941
0.403023955724377	0.105060208225624	0.0304424289973658	0.458090914908273	0.00338249214436008
0.269890062338637	0.0376102988938122	0.192391145632517	0.391436434157786	0.108672058977248
0.375290879209261	0.245857135572898	0.0944926278979038	0.262499122249243	0.0218602350706937
0.340610338729885	0.181650037198599	0.0363300067612850	0.441409617310231	0
0.347300047452377	0.196116922974331	0.0103501192754515	0.413754950351752	0.0324779599460892
0.470371128275957	0.0838044464350437	0.290576757934104	0.155247667354896	0
0.386506436234352	0.124532187177485	0.200549359554359	0.288412017033805	0
0.392203194676664	0.277072251123209	0.0340618218580711	0.253101008226749	0.0435617241153070
0.525261674718146	0.166405672224068	0.135718021154693	0.114646003907589	0.0579686279955034
0.462002416794999	0.123106813703926	0.100522719854454	0.257304650066612	0.0570633995800095
0.450918600088962	0.106778864581344	0.0333579185117356	0.366870055910115	0.0420745609078428
0.502486897036394	0.112908137726540	0.125867023894107	0.258737941342960	0
0.433695108590761	0.156870994787117	0.0826744398137029	0.229263737428283	0.0974957193801364
0.286754826726217	0.128637967480997	0.0218825225027665	0.380161930207720	0.182562753082299
0.528452688499756	0.177633109906323	0.0401069518532701	0.245524292315692	0.00828295742495804
0.459600606381409	0.234613415838101	0.0102406556028357	0.235466813287025	0.0600785088906292
0.487331928692151	0.168389283712654	0.00518308465553942	0.267752063230868	0.0713436397087879
0.458105475375064	0.0663926299400766	0.0994237897974490	0.346350062690460	0.0297280421969499
0.467267442701158	0.103152483197476	0.0340641656973107	0.307878107630069	0.0876378007739862
0.474389443751850	0.112150481155451	0.157759018128811	0.255701056963888	0
0.383604339563463	0.112940927481911	0.215595613243068	0.287859119711558	0
0.407851231725598	0.0484106785875849	0.0360775590448956	0.174284810387615	0.333375720254306
0.429037396405291	0.0786097391886110	0.0458466218998985	0.446506242506199	0
0.544527805060293	0.140595817126698	0.0183619834261635	0.236521359498868	0.0599930348879785
0.388870343149893	0.251168040773917	0.152886695569035	0.177039878994133	0.0300350415130216
0.353461651602150	0.145465355851593	0.190168045289624	0.158539403424061	0.152365543832572
0.302331765348803	0.263114342893666	0.0279280065322689	0.403227238574113	0.00339864665114878
0.419467892715270	0.220034742310147	0.0891719729726831	0.259439859043498	0.0118855329584016
0.310904259604099	0.188147410386636	0.0775291078674802	0.386799339866433	0.0366198822753521
0.520326353736950	0.112444243527632	0.0966066272183113	0.202021340389899	0.0686014351272072
0.425641575746655	0.278606962607248	0.0150327498906991	0.207595121177745	0.0731235905776531
0.491815505025424	0.178709647204997	0.0159784109443988	0.305507231023787	0.00798920580139315
0.400094813988917	0.140080584974279	0.127992413642943	0.293061997872061	0.0387701895217999
0.410960884748175	0.124171278244990	0.226310757952463	0.226831883536522	0.0117251955178493
0.328424061553437	0.119282867847893	0.0247017154472115	0.527591355151459	0
0.370723032439326	0.0459406637903379	0.308758228815074	0.274578074955262	0
0.393539045523596	0.214957926488980	0	0.391503027987423	0
0.613462096972950	0.0368052396152609	0.0549177255242778	0.249222861878309	0.0455920760092027
0.534423654265399	0.109238837541670	0.00330401024284725	0.351257592376838	0.00177590557324582
0.313746202107818	0.232371578546360	0	0.422850924863826	0.0310312944819958
0.356825376441637	0.183850758517457	0.00420903764848545	0.317294090949908	0.137820736442512
0.406508689011558	0.304849834916435	0.0139562913472978	0.184762258727632	0.0899229259970774
0.516344593902056	0.240051771594166	0.0297995313166054	0.205526455694241	0.00827764749293172
0.345014471859426	0.136570001726236	0.00241189486772968	0.514726746004599	0.00127688554200883
0.285628359288517	0.192067362513748	0.133825644092863	0.278711534140768	0.109767099964104
0.372638128273523	0.120336045220430	0.178486004870075	0.324055248903579	0.00448457273239296
0.661718204782975	0.125480253172861	0	0.212801542044163	0
0.507259929353554	0.122586106723949	0.0997692001705793	0.214934705130869	0.0554500586210488
0.370449227049016	0.100352538195130	0.0160564067498711	0.513141828005983	0
0.453010250859907	0.0697482623935273	0.0180654291730229	0.382790719718383	0.0763853378551601
0.401869936668012	0.243540588698980	0.137726395961413	0.216863078671595	0
0.346321945458871	0.203087755980574	0.0324951774393925	0.362753990839119	0.0553411302820433
0.445085495722312	0.0471561442321657	0.105245131721815	0.402513228323707	0
0.449822982572712	0.182257631575889	0.0822440097650152	0.255718948097371	0.0299564279890134
0.467390928225361	0.0857991177625762	0.0403184960184545	0.406491457993608	0
0.500157822650951	0.0880997481571308	0.161931819527577	0.226767680635272	0.0230429290290690
0.357209575801743	0.212550878866954	0.0700607210673287	0.327050114619485	0.0331287096444893
0.532609618174426	0.183244968047392	0.00778422954835651	0.249011188410019	0.0273499958198058
0.329218489853429	0.231204757538661	0.107914113413942	0.266072641888524	0.0655899973054434
0.283189946900359	0.0677318072598857	0.147070871475756	0.413792163496439	0.0882152108675597
0.373361304591634	0.0777836056576266	0.252088794992118	0.216185976366776	0.0805803183918453
0.519597458088774	0.135030459417419	0.0215174768395760	0.284130031845884	0.0397245738083467
0.478655622051913	0.224354509858892	0.0807346057879149	0.191854324101689	0.0244009381995908
0.636291803114185	0.116126172392688	0.0456729252057773	0.178361465692294	0.0235476335950558
0.338054391623820	0.129666369451871	0	0.337688104416131	0.194591134508178
0.354688640933908	0.0998205632497607	0.127168203740033	0.390077758588980	0.0282448334873176
0.491240079139204	0.156629251915130	0	0.352130668945666	0
0.488394388076646	0.0509300057510253	0.0900212429234639	0.353945384767163	0.0167089784817021
0.437668003210764	0.233690792107314	0.0815677676725839	0.215856859295139	0.0312165777141990
0.478297050827151	0.250207916234456	0.0149410066212454	0.250392786276067	0.00616124004108019
0.531055971491233	0.143577500431828	0.0260281559048129	0.0950187998647945	0.204319572307331
0.363241302024788	0.193848000129655	0.0432572130466845	0.293001593250152	0.106651891548721
0.256551433814380	0.303615854971264	0.00979405957213361	0.424744564927963	0.00529408671425978
0.431992226354071	0.113124298222821	0	0.348057723898255	0.106825751524853
0.446919833801514	0.173980306382681	0.0156118141610196	0.363488045654785	0
0.362341984676596	0.173120430287657	0.0551563556278760	0.378609439524204	0.0307717898836666
0.469594312988333	0.156833831961584	0.0429506982599205	0.324667594968034	0.00595356182212796
0.445119212228039	0.126920729116078	0	0.418993276849617	0.00896678180626452
0.413963501179000	0.204814162775828	0.0700297094133033	0.281998423266953	0.0291942033649150
0.428978688356228	0.139439764634779	0.0788609308503426	0.244267475672812	0.108453140485838
0.395242450958965	0.0942033736152956	0.153378639852665	0.231374983564861	0.125800552008214
0.302881702078418	0.333175143638481	0	0.332964220908276	0.0309789333748243
0.413082244496781	0.138016504516654	0.138802404617561	0.289544483320026	0.0205543630489775
0.439870714092285	0.106978738585234	0.247488108432971	0.184632762667548	0.0210296762219617
0.218359592823423	0.0560082095825609	0.00633713551799767	0.657734317044041	0.0615607450319774
0.478168177573989	0.0800295172749694	0.112336516476953	0.227583949340150	0.101881839333938
0.342126034389930	0.251294053052345	0.116829942408740	0.255534440500477	0.0342155296485076
0.441023206223365	0.104905043357019	0	0.395073427158346	0.0589983232612699
0.386962645599919	0.0819943594811138	0.0685341795699397	0.372480627357115	0.0900281879919129
0.444343349768199	0.0671216254165639	0.0734000570099010	0.300636938578268	0.114498029227068
0.275275271174367	0.268998729044504	0.0202905611449834	0.400265133150301	0.0351703054858446
0.399227908749467	0.0684187082685504	0.122731998508768	0.336243509931092	0.0733778745421222
0.478851875606526	0.126393361536810	0.0984022761916745	0.292946492135391	0.00340599452959868
0.351023858542279	0.113422882413668	0.0176122487296486	0.517941010314404	0
0.472786224107416	0.163993600546983	0.0195074802005372	0.264516875078644	0.0791958200664197
0.335761842798218	0.208617310212898	0.0587544083437994	0.322248340825455	0.0746180978196294
0.452892826731555	0.171991510200964	0.0160561693888302	0.311435261835822	0.0476242318428296
0.499224902814697	0.0706889032564844	0.0544118571624052	0.351956349739054	0.0237179870273599
0.247833673023475	0.0860715355541252	0.190607735592110	0.428525731187488	0.0469613246428022
0.222205459636875	0.129164657714376	0.146668283676010	0.477818672409389	0.0241429265633492
0.360509688876543	0.303009880533214	0.106481151210105	0.183325043433749	0.0466742359463890
0.589411715545715	0.0684547390231943	0.0467267885048470	0.224615671576681	0.0707910853495626
0.390433631972707	0.142667987951235	0.0677590223554586	0.373717311095272	0.0254220466253267
0.327744992179119	0.0588279498141431	0.173852567423947	0.439574490582791	0
0.560975616192719	0.108820098000716	0.00651129988797789	0.211291682210240	0.112401303708347
0.566086396223381	0.213614302055934	0.0339339646145007	0.186365337106185	0
0.337046028073571	0.203070141652953	0.0290419350085653	0.418076208753573	0.0127656865113377
0.379522101563254	0.0944245158821568	0.137563086805100	0.329056968150186	0.0594333275993028
0.531850173926100	0.0465380267257589	0.0281498296193495	0.393461969728791	0
0.384574783857535	0.206567055865391	0.124848232561179	0.202185507198659	0.0818244205172356
0.425862510285768	0.206578990530219	0.00850119152125742	0.287977892215387	0.0710794154473689
0.417597972469979	0.210049106550452	0.0346416840227483	0.246407810434664	0.0913034265221566
0.547085199808898	0.203711713454353	0.0139121505930377	0.191366359026200	0.0439245771175108
0.299314685924124	0.154385970130054	0.104248905475757	0.366529608407900	0.0755208300621652
0.421135258434924	0.0705334767535952	0.144592247195706	0.325869619059135	0.0378693985566392
0.577093442382059	0.123286227660708	0.0975532544954793	0.202067075461754	0
0.468989038187083	0.155121416613735	0.192968888911638	0.178656150630065	0.00426450565747929
0.554771610746574	0.0865945677232243	0.0714093896947072	0.227167304410458	0.0600571274250359
0.507955562556582	0.136810050659619	0	0.298623329458347	0.0566110573254523
0.492610064010763	0.0524555303708302	0.0518591518769344	0.403075253741472	0
0.424680160332918	0.181117410400093	0.0550607293801430	0.283012144221944	0.0561295556649020
0.402152999665282	0.203598731502259	0.0583753686556241	0.335872900176836	0
0.418674847343091	0.191406865215480	0.104824859215314	0.221646805420657	0.0634466228054582
0.457218558455499	0.255642042651604	0.00376136602352124	0.283378032869376	0
0.260296779676646	0.0623275948315617	0.118543706797746	0.537429845153721	0.0214020735403249
0.324609106813274	0.247612335457238	0.0292999014033723	0.363685021809756	0.0347936345163585
0.333827847317383	0.106814592920290	0.181088141081814	0.346986162328427	0.0312832563520862
0.377969865422229	0.156744420292538	0.0437666502866362	0.274588149701322	0.146930914297274
0.422293991838980	0.142404224547688	0.0165930837935941	0.401523005578773	0.0171856942409655
0.358567506955649	0.137285357306571	0.255457852481586	0.186967735724511	0.0617215475316827
0.184181953081705	0.130703488228757	0.0905598412867138	0.520224941914515	0.0743297754883093
0.215832123543454	0.144684333408681	0.177642719554778	0.401366705557266	0.0604741179358207
0.525200648691438	0.0628019331268975	0.121914108742347	0.290083309439317	0
0.298078615187369	0.173539914263260	0.122283403819298	0.260236662853387	0.145861403876686
0.347997022937090	0.0837924726007722	0.0515668049798529	0.479338834055447	0.0373048654268374
0.528170158818686	0.111712003422305	0.0458067655370972	0.314311072221911	0
0.440189075660642	0.123059574515182	0.241311697557536	0.195439652266640	0
0.450337393303008	0.149933782989750	0.00630636335727314	0.393422460349968	0
0.432442828075792	0.0566339924510746	0.0999423429172409	0.279806518317773	0.131174318238119
0.392948321831776	0.238115246680767	0.0431438456801679	0.284426199532658	0.0413663862746313
0.386291904986099	0.0971128603494659	0.191036240833119	0.325558993831316	0
0.344267336990924	0.157494422269572	0.0681208018727815	0.235067108937212	0.195050329929511
0.418675215084632	0.184476476438233	0.0182298679477399	0.304573365832081	0.0740450746973137
0.270496428010102	0.369625173631943	0.0727090398406349	0.287169358517321	0
0.478541747818680	0.253201665609728	0.0553531795319543	0.208349932128163	0.00455347491147426
0.363468947750508	0.267706996485599	0.0102982869974421	0.311880584399089	0.0466451843673620
0.315294534008325	0.112579847552080	0.157617699127513	0.300508630568294	0.113999288743788
0.332586556421911	0.149374457735155	0.0729997121041948	0.372446898452967	0.0725923752857724
0.311466410760997	0.100799425708115	0.194964798862859	0.278940466338782	0.113828898329248
0.331159305174757	0.280108964674686	0.0315626794792882	0.357169050671269	0
0.491917248162469	0.0698842450845294	0.0109765834570372	0.390200904714437	0.0370210185815273
0.553223591018367	0.112620021980332	0.0190672157832395	0.259670791415504	0.0554183798025577
0.451005182552841	0.142546437786337	0.00734775464895445	0.300346804896325	0.0987538201155432
0.383613948359303	0.101688289032515	0.0917747741452048	0.395827579339276	0.0270954091237006
0.368612530620203	0.203412271175525	0.0946136495757372	0.241144964163845	0.0922165844646891
0.423741636781603	0.241547859063309	0.0656095450903157	0.269100959064772	0
0.288426194804267	0.290949986273695	0.00460867409628465	0.266781881898268	0.149233262927486
0.430261482956139	0.172753748867709	0.0379178544774903	0.281714491878235	0.0773524218204270
0.467914912055949	0.180377467767026	0.0677052136184019	0.270521279033264	0.0134811275253599
0.432894875424093	0.226654150208858	0.0122423417190352	0.315396880884776	0.0128117517632375
0.439278776969569	0.148959883571065	0.0371471023726715	0.374614237086695	0
0.352513433035822	0.197482247899728	0.0137958787703506	0.429885329393064	0.00632311090103605
0.427109182566844	0.0504807697242682	0.226685274020956	0.278535980933530	0.0171887927544017
0.464543035521150	0.107698143606428	0.0500568823741099	0.361016310638274	0.0166856278600381
0.357226832573604	0.171583895055169	0.00783965315551259	0.372932290348279	0.0904173288674352
0.407648009831605	0.143314140865710	0.111472023493085	0.307298591584512	0.0302672342250876
0.450240648911074	0.171256660016685	0.0577807494093801	0.280614987655597	0.0401069540072635
0.427432448134370	0.177889751091130	0.0567770003928524	0.337900800381647	0
0.344217848764088	0.172636083805779	0.117209391121539	0.346205978469556	0.0197306978390374
0.404520139668494	0.160415992222444	0.0395785598819551	0.288486721137795	0.106998587089312
0.262356757318339	0.0927901437154053	0.123876940747858	0.491770405516710	0.0292057527016882
0.355611806683346	0.124645734946209	0.0643865399203918	0.393720942576334	0.0616349758737190
0.354717505896056	0.167647733298017	0.0695067971845099	0.288602865963724	0.119525097657693
0.382876968448928	0.175137787099111	0.143527829320526	0.298457415131435	0
0.600090730524313	0.101522408841611	0	0.298386860634076	0
0.578828824687616	0.139728543882133	0.00311166426799574	0.274241351466478	0.00408961569577793
0.215552321902142	0.102180232845534	0.0327034887950243	0.599854656076705	0.0497093003805947
0.443911712431057	0.153371351104295	0.148246122041677	0.254470814422971	0
0.294194034146047	0.216703502372188	0.144122607806438	0.219690863599519	0.125288992075808
0.462004083597737	0.177969694553887	0.0144581101782925	0.307205926195303	0.0383621854747804
0.398058600751538	0.291785005377538	0	0.275103364151348	0.0350530297195753
0.390101588799464	0.177777211221281	0.0277656933739351	0.298538787144640	0.105816719460680
0.345600290423970	0.192136207351321	0.0472428224550730	0.375054868707296	0.0399658110623401
0.405795428703800	0.0557651884084290	0.260103119355221	0.260909643275175	0.0174266202573750
0.516774186951768	0.175789474883136	0.0168081504953884	0.280441430235394	0.0101867574343131
0.529124169179693	0.248188528485385	0.0275413294459187	0.195145972889003	0
0.371270662627354	0.251599202640916	0.0670641220029848	0.310066012728745	0
0.462576177089894	0.140647539562102	0.0219332931452442	0.359724602064219	0.0151183881385404
0.363393155270943	0.132205176894779	0.0419323743659666	0.408809539611986	0.0536597538563252
0.447897769781769	0.0700110979252929	0.0245011783977792	0.457589953895159	0
0.396185681762122	0.102129612237774	0.0562661546033489	0.433969043020906	0.0114495083758496
0.305715787531953	0.123754586564235	0.0666754063281252	0.503854219575687	0
0.379622139599813	0.143316040238486	0.149788226784044	0.327273593377656	0
0.406634812126882	0.189556565975319	0.105477426285959	0.293620880195080	0.00471031541676075
0.476281132338476	0.193612407654173	0.0246708329641299	0.235981874920108	0.0694537521231139
0.369874619034195	0.0536782591860242	0.0986150173337759	0.456524705492481	0.0213073989535233
0.326797800728698	0.227246836078427	0.0507558043406881	0.368161421425948	0.0270381374262385
0.441324966912350	0.223272987347593	0.0830685850819175	0.209235319320671	0.0430981413374674
0.463259679965725	0.161169180497326	0.00563309778230557	0.291074674155601	0.0788633675990419
0.447814342061626	0.134644818315982	0.128412030123703	0.289128809498689	0
0.294741861839674	0.0675328806695902	0.0543809057125083	0.520363062977025	0.0629812888012028
0.348168949443822	0.242635886699871	0.0706130949654332	0.199984534228687	0.138597534662187
0.438315575882763	0.212926926914297	0.0295017749163434	0.254621125432204	0.0646345968543923
0.414343238098407	0.0800774639942214	0.0971381133384231	0.386154749492368	0.0222864350765803
0.448511084573075	0.264436146947392	0.0983639052696406	0.185858247275195	0.00283061593469782
0.402249527999168	0.215452506978946	0.0248245439780794	0.309203479311531	0.0482699417322758
0.310367744176511	0.188927605530475	0.00943973200465312	0.315233860117122	0.176031058171239
0.590408218336761	0.0655674976885550	0.0213272091531812	0.251469669844630	0.0712274049768730
0.469093281419740	0.247582864630247	0	0.283323853950012	0
0.404549405916261	0.214662403818114	0.103158506671325	0.268936550867576	0.00869313272672320
0.305641880029483	0.108095796065557	0.159129873903758	0.328948778498954	0.0981836715022493
0.470912626203135	0.142322221287030	0.0357422477346699	0.351022904775165	0
0.313643727629388	0.0381695109854903	0	0.648186761385122	0
0.389786107185289	0.259583551333581	0.0837034893601509	0.223277790694934	0.0436490614260442
0.487341311558037	0.315204851202786	0.0479659551723271	0.113783900130548	0.0357039819363015
0.431714319621567	0.170758494236739	0.00814822695163892	0.210543097930002	0.178835861260053
0.403084189654367	0.163777585197440	0.0868977937305583	0.277999773432440	0.0682406579851944
0.403524226940161	0.137273611504432	0.0742780252750778	0.353230548493029	0.0316935877873004
0.394818556661315	0.252733037849869	0	0.302542202791765	0.0499062026970507
0.391616618786289	0.194042758545991	0.101969730852286	0.262286816822422	0.0500840749930112
0.418346686763502	0.214084933439886	0.00906755301392733	0.338098831012823	0.0204019957698622
0.155903282021271	0.0743186217794763	0.337674868725611	0.406084172727407	0.0260190547462353
0.330382189468735	0.0849568910629303	0.109200872227278	0.423085838076462	0.0523742091645946
0.304948440811956	0.0901637467164510	0.195197568272750	0.258069586163224	0.151620658035619
0.390027381249931	0.219484730834248	0.0296773845038074	0.305932921384894	0.0548775820271192
0.302038224262893	0.0955207630790843	0.157485076924290	0.420727459905884	0.0242284758278493
0.391542493132511	0.0386013197510472	0.226493957793460	0.285473228921243	0.0578890004017388
0.288974535319903	0.225589095037105	0.0127638928160308	0.197865867736215	0.274806609090746
0.380092507802708	0.0827100965989990	0.0653168657258646	0.422677617315014	0.0492029125574136
0.482090932842700	0.0775178416808650	0.0153647901570526	0.384879725037084	0.0401467102822973
0.409663687325867	0.143066556834158	0.115524481625095	0.331745274214879	0
0.289830616429332	0.0315760389501974	0.0657604020084143	0.478274214970629	0.134558727641427
0.391263586578294	0.131983708041380	0.0943368583830871	0.307415114142502	0.0750007328547371
0.672061855928769	0.0431833815402074	0.0111398713717010	0.217915535750148	0.0556993554091741
0.337326421653594	0.116166628707162	0.0568074985879006	0.489699451051343	0
0.273741101733698	0.0402308680924517	0.0774046794163714	0.560321853597956	0.0483014971595226
0.328015355671315	0.0826872029809089	0.00670223712764731	0.516755588700055	0.0658396155200733
0.291421675728123	0.158035289252047	0	0.451562366998369	0.0989806680214610
0.332754490917441	0.139870910037255	0.0947871991233953	0.408505619731184	0.0240817801907258
0.341146560565983	0.273446029174764	0	0.158510236293506	0.226897173965748
0.467239552155229	0.238871335588182	0.00181087847632561	0.292078233780263	0
0.437688655560595	0.131522209284668	0	0.302770590167475	0.128018544987262
0.336081449603174	0.334939166591889	0.0428358578355969	0.286143525969340	0
0.243833554797518	0.103764778782965	0.119343155441452	0.419409211891464	0.113649299086601
0.458335595576303	0.110093730847603	0.0514709875613849	0.276074118284996	0.104025567729713
0.422375357528090	0.220844556720833	0.103125971003366	0.231002167822042	0.0226519469256696
0.473906177304084	0.0578540197038128	0.0763279742975551	0.350125492973404	0.0417863357211433
0.634894884530359	0.0625062082058437	0.0102632012997353	0.292335705964062	0
0.458006808102987	0.179790859257452	0.102431646154432	0.158220989806491	0.101549696678638
0.377628575895012	0.0637005300550465	0.345556953964756	0.188519140009860	0.0245948000753244
0.434712794973757	0.235730729307110	0.0658931186555778	0.250484733332439	0.0131786237311156
0.414250192138299	0.0476387726217673	0.373043234576130	0.165067800663803	0
0.371183961053736	0.294406189329606	0.0383279497661286	0.296081899850530	0
0.535807619054421	0.0839181375328781	0.0771941192862290	0.303080124126472	0
0.343019469342048	0.187548085355311	0.103213586192275	0.342546017052695	0.0236728420576718
0.391323365848524	0.175814227766039	0.121116456960611	0.277208222144836	0.0345377272799906
0.446391883660583	0.144549303394472	0.171770678748251	0.167501287151394	0.0697868470452998
0.411058138354871	0.0474072508504701	0.127813146877782	0.304924489956896	0.108796973959980
0.418304630244585	0.157341047637836	0.0835783164472789	0.286109956155464	0.0546660495148361
0.315770043821779	0.166189906493375	0.00292208786251704	0.440066438021716	0.0750515238006124
0.391810465660874	0.124798888451820	0.149846994001214	0.243635454198079	0.0899081976880125
0.368426741146411	0.274534729297666	0.0804750091872527	0.276563520368670	0
0.302452665276818	0.0363197378660997	0.353666273949429	0.261558020006956	0.0460033029006975
0.471342019934453	0.207441970164221	0.0293549951455669	0.254517171309734	0.0373438434460245
0.279499311748830	0.106039791496978	0.00763242296230255	0.583295171727745	0.0235333020641448
0.454298469976104	0.123781168805058	0.0370301468689425	0.358466694875575	0.0264235194743208
0.381305089970067	0.232303778192537	0.0267387601615665	0.339653852134553	0.0199985195412768
0.396917008778338	0.252689377131180	0.0274634885574406	0.322930125533042	0
0.251466924649514	0.0377390356423882	0.102368188413392	0.471125833482201	0.137300017812504
0.382741283481503	0.219893809682056	0.0222335804856511	0.265099238549994	0.110032087800796
0.434729811275449	0.164313903955556	0.00480671930094181	0.375910747844153	0.0202388176239001
0.572750727833796	0.178960063539660	0.00350572148946973	0.244783487137075	0
0.436547640833877	0.105594912257955	0.114587249527830	0.343270197380338	0
0.363795460817486	0.328384810322577	0.0315664461709170	0.276253282689020	0
0.386841594048455	0.166946882597503	0.0797938290905490	0.337890363830274	0.0285273304332197
0.317572060692209	0.150817495680891	0.0204086306682067	0.352633627591693	0.158568185367000
0.501958897463136	0.0721947520001403	0.156169778760198	0.248601757450691	0.0210748143258348
0.348212826364864	0.193192167288419	0.130016574551912	0.301963438870156	0.0266149929246489
0.385249999336404	0.289227695810129	0.137241987223439	0.136520482219219	0.0517598354108090
0.313442783153341	0.0690890906945691	0.150429204764606	0.467038921387484	0
0.344816997314501	0.290109721584959	0.0707946473596829	0.227831917779614	0.0664467159612436
0.327026143941251	0.0632060986534449	0.169967038274793	0.360591797075751	0.0792089220547595
0.422737811081602	0.131097038025951	0.121375683296224	0.297236199648730	0.0275532679474929
0.310587408057266	0.247084607642621	0.0169106301883568	0.387808110984609	0.0376092431271479
0.423922023792125	0.0285257997998488	0.130651465249792	0.373726525966749	0.0431741851914853
0.314153980203311	0.0597454211235148	0.0458636853381674	0.521129170504045	0.0591077428309611
0.313853865320265	0.212731131343670	0.167847374314200	0.305567629021865	0
0.531027370086792	0.0977969967978583	0.0185299564603282	0.352645676655022	0
0.407763995618732	0.180491263779649	0.130531384434959	0.249583412457398	0.0316299437092624
0.357687510613182	0.232596738698333	0.163009650625669	0.246706100062815	0
0.351094298867541	0.0798703044867198	0.341394215233919	0.220480954894220	0.00716022651760072
0.445606630083898	0.186279810160652	0.0443523260895047	0.264374225447357	0.0593870082185886
0.312892949992636	0.217587591318098	0.117795325081280	0.300484693666299	0.0512394399416876
0.376827947446565	0.126994719403438	0.0857663320104089	0.410411001139588	0
0.268235469040804	0.0856585478629520	0.0519778747259870	0.504123657871306	0.0900044504989512
0.355679074772764	0.174867086478308	0	0.437312707749716	0.0321411309992119
0.282991504180330	0.137605603535983	0.122367242239702	0.337499710580609	0.119535939463376
0.366127468502822	0.234886535050951	0.0205214870808986	0.326919363363194	0.0515451460021344
0.448872460420003	0.110298407994033	0	0.440829131585963	0
0.335746950160632	0.241987483471897	0.0658868882717998	0.314256558395934	0.0421221196997371
0.430343540362106	0.0878841816988966	0.0687370462470646	0.400922332822679	0.0121128988692534
0.367162744019205	0.259789496756840	0	0.265533047891373	0.107514711332581
0.233208959402235	0.119864389272438	0.284865979038909	0.324546630185901	0.0375140421005166
0.285596031348429	0.0956643209015133	0.122231994193867	0.204961710761670	0.291545942794522
0.446563970228870	0.181406565141484	0.0466175487116295	0.165733419489851	0.159678496428167
0.285693762998147	0.146582687842273	0.0341251988863762	0.287777196611102	0.245821153662102
0.320650356951406	0.250444688716860	0.0365480845609847	0.371928853883273	0.0204280158874760
0.392258624947036	0.0596280684904398	0.155719533129201	0.355903340528703	0.0364904329046200
0.405693376025526	0.0837886503590238	0.00726696535962654	0.472243467951971	0.0310075403038531
0.458464383052506	0.119839242292433	0.0265837961721721	0.345214920196965	0.0498976582859239
0.470963188304497	0.160744611346799	0.104104631391593	0.256247384865711	0.00794018409139817
0.254830634762183	0.179443927209443	0.157832604468884	0.249000145344395	0.158892688215095
0.411262926370281	0.212677085384880	0	0.263430714644108	0.112629273600730
0.434456661532731	0.0950395899728630	0.180235410740208	0.268198695723501	0.0220696420306977
0.393851711161856	0.102156071956923	0.198775908914005	0.200890249147284	0.104326058819932
0.501123747618359	0.140973309138384	0.0634116148355943	0.180258691080252	0.114232637327410
0.307381769457690	0.110380621233988	0.0860726642710129	0.482900815061376	0.0132641299759334
0.402741056565354	0.112002047778268	0.113594353308193	0.353038186396823	0.0186243559513620
0.383152487850826	0.0459713730689316	0	0.516535842215916	0.0543402968643262
0.349455757288094	0.178476135875409	0.0783533122504670	0.370420567712062	0.0232942268739675
0.607214992590504	0.104873019777265	0.0634910376793016	0.210562499749479	0.0138584502034502
0.345328154315440	0.0722244939564142	0.100822944934086	0.303746673314153	0.177877733479906
0.301735006746378	0.115500863797980	0.116619465535712	0.330604268282225	0.135540395637706
0.401758786127282	0.227824925881696	0.0737619372663617	0.263169756436151	0.0334845942885094
0.453954527649143	0.180605224854871	0.0559823360565896	0.309457911439396	0
0.507240861001016	0.144680969760418	0.0455956002099946	0.302482569028571	0
0.470772288672141	0.110702755002768	0.115594734527750	0.227315620046283	0.0756146017510583
0.297215417765075	0.380122644116295	0.130746672818205	0.151927873455704	0.0399873918447221
0.447003508001854	0.166447897908651	0.00286402993212125	0.225566239583740	0.158118324573633
0.410301615668041	0.161310146174504	0	0.344366971204347	0.0840212669531073
